*EXP. DATA (A): LTE Seehausen, Duengungs-Kombinationsversuch Seehausen (F1-70)

! File generated on 2024-07-23 with csmTools

@TRTNO  MDAT HWAHF  HWAH  ADAT
     1 95195  6210  5341 95160
     1 95198  6280  5401 95155
     1 95197  4210  3621 95153
     1 95194  4840  4162 95156
     2 95193  7070  6080 95155
     2 95194  6780  5831 95156
     2 95197  7670  6596 95155
     2 95198  7760  6674 95157
     3 95196  8530  7336 95155
     3 95195  8100  6966 95160
     3 95194  8420  7241 95157
     3 95197  8410  7233 95156
     4 95199  7830  6734 95165
     4 95195  7420  6381 95159
     4 95196  7710  6631 95152
     4 95193  8130  6992 95157
     5 95194  7350  6321 95154
     5 95193  7560  6502 95154
     5 95194  6320  5435 95161
     5 95195  6250  5375 95152
     6 95194  8230  7078 95154
     6 95194  8780  7551 95152
     6 95198  7710  6631 95147
     6 95197  8110  6975 95158
     7 95198  8690  7473 95157
     7 95198  8790  7559 95164
     7 95195  8380  7207 95157
     7 95198  8960  7706 95165
     8 95198  7460  6416 95159
     8 95193  6600  5676 95147
     8 95197  8040  6914 95152
     8 95198  7790  6699 95162
     9 95198  7610  6545 95158
     9 95194  7590  6527 95159
     9 95193  8360  7190 95157
     9 95193  7460  6416 95149
    10 95196  8290  7129 95162
    10 95195  8130  6992 95155
    10 95193  8680  7465 95157
    10 95194  8440  7258 95145
    11 95193  8370  7198 95159
    11 95197  8840  7602 95158
    11 95199  8870  7628 95158
    11 95193  8700  7482 95137
    12 95193  7150  6149 95145
    12 95195  7610  6545 95162
    12 95195  6760  5814 95157
    12 95196  7620  6553 95156
    13 95199  8160  7018 95165
    13 95196  8530  7336 95154
    13 95193  8370  7198 95148
    13 95197  9020  7757 95154
    14 95193  8670  7456 95149
    14 95199  9140  7860 95152
    14 95199  8390  7215 95161
    14 95199  9540  8204 95171
    15 95194  8590  7387 95151
    15 95193  8820  7585 95148
    15 95199  8900  7654 95161
    15 95195  8910  7663 95158
    16 95193  8090  6957 95154
    16 95197  7620  6553 95166
    16 95197  6510  5599 95156
    16 95193  8310  7147 95157
