*EXP. DATA (A): LTE Seehausen, Duengungs-Kombinationsversuch Seehausen (F1-70)

! File generated on 2024-08-05 with csmTools

@TRTNO  MDAT HWAHF  HWAH  ADAT
     1 95193  6210  5341 95153
     1 95196  6280  5401 95164
     1 95194  4210  3621 95149
     1 95197  4840  4162 95156
     2 95197  7070  6080 95155
     2 95194  6780  5831 95153
     2 95197  7670  6596 95159
     2 95198  7760  6674 95162
     3 95196  8530  7336 95162
     3 95198  8100  6966 95159
     3 95193  8420  7241 95157
     3 95197  8410  7233 95161
     4 95193  7830  6734 95156
     4 95193  7420  6381 95151
     4 95195  7710  6631 95151
     4 95199  8130  6992 95159
     5 95198  7350  6321 95158
     5 95195  7560  6502 95157
     5 95197  6320  5435 95161
     5 95197  6250  5375 95160
     6 95195  8230  7078 95159
     6 95196  8780  7551 95158
     6 95198  7710  6631 95152
     6 95194  8110  6975 95151
     7 95194  8690  7473 95158
     7 95196  8790  7559 95153
     7 95194  8380  7207 95162
     7 95197  8960  7706 95157
     8 95198  7460  6416 95162
     8 95196  6600  5676 95165
     8 95195  8040  6914 95157
     8 95194  7790  6699 95155
     9 95195  7610  6545 95154
     9 95198  7590  6527 95159
     9 95198  8360  7190 95159
     9 95194  7460  6416 95150
    10 95194  8290  7129 95157
    10 95197  8130  6992 95158
    10 95197  8680  7465 95149
    10 95193  8440  7258 95152
    11 95199  8370  7198 95157
    11 95193  8840  7602 95153
    11 95193  8870  7628 95158
    11 95198  8700  7482 95161
    12 95195  7150  6149 95149
    12 95193  7610  6545 95161
    12 95196  6760  5814 95153
    12 95196  7620  6553 95160
    13 95193  8160  7018 95151
    13 95197  8530  7336 95156
    13 95193  8370  7198 95151
    13 95193  9020  7757 95147
    14 95197  8670  7456 95157
    14 95199  9140  7860 95147
    14 95196  8390  7215 95160
    14 95194  9540  8204 95154
    15 95199  8590  7387 95164
    15 95196  8820  7585 95162
    15 95198  8900  7654 95158
    15 95195  8910  7663 95158
    16 95197  8090  6957 95165
    16 95193  7620  6553 95152
    16 95199  6510  5599 95155
    16 95194  8310  7147 95151
